  8.9968315e-002  1.0034170e-002  5.0289427e-002  1.3109667e-001  1.8734031e+000  4.5149774e-002  1.5505565e+000
  1.0338921e-001  1.4345399e-002  6.2082088e-002  1.1787285e-001  1.7969661e+000  8.4457520e-002  1.7957484e+000
  2.2702033e-001  2.2467566e-002  1.0926906e-001  7.8683801e-002  1.1186977e+000  5.0155248e-001  2.2989146e+000
  2.4876698e-001  8.0659227e-002  6.0587082e-001  1.0418125e-001  1.7688902e+000  4.1418079e+000  1.6574399e+000
  1.2112988e+000  3.6395331e-002  2.0232984e-001  4.7442982e-001  3.1859748e+000  6.6089118e-001  4.9512578e-001
  1.5179472e+000  4.1023444e-002  1.4048679e+000  9.9593027e-001  3.0820810e+000  7.0063539e-001  1.2976803e+000
  1.3798305e+000  8.5043082e-002  1.7290544e+000  1.5711549e+000  2.9741528e+000  9.3188388e-001  1.5999222e+000
  1.3922614e+000  1.4226435e-001  2.8245142e+000  1.9232858e+000  3.5463723e+000  9.8301964e-001  1.9299217e+000
  2.3581078e+000  2.5116311e-001  1.7815851e+000  2.3908236e+000  3.4584513e+000  5.7580488e-001  2.1651027e+000
  3.2552805e+000  1.6114540e+000  1.8749670e+000  2.3290039e+000  3.5707391e+000  1.4550904e+000  3.0146200e+000
  1.2324895e+000  2.0326197e+000  1.3024869e+000  1.9495024e+000  3.5027231e+000  2.1435900e+000  2.9727689e+000
  1.0982916e+000  2.9963778e+000  1.4012637e+000  1.0240873e+000  3.1272353e+000  1.5565693e+000  3.5243186e+000
  1.9904748e-001  7.2513046e-002  1.3671931e-001  6.2827815e-002  1.8035908e+000  2.1968069e-001  1.6132328e+000
  2.4078062e-001  8.2649299e-003  3.8735402e-002  1.2761646e-001  1.0741233e+000  1.9184399e-001  1.2458537e+000
  1.9511582e-001  1.6741707e-002  1.3872352e-001  5.5186710e-002  1.1479550e+000  2.7911687e-001  1.6382110e+000
  3.9789338e-001  5.9397018e-002  4.2966471e-001  4.9486774e-002  1.7848376e+000  2.8385271e+000  3.1289477e+000
  1.2152238e+000  4.4428529e-002  1.3157873e+000  2.5108976e-001  4.2766096e+000  1.3949496e+000  1.0117916e+000
  1.2125758e+000  4.8962041e-002  1.6080788e+000  7.5317525e-001  4.0407032e+000  4.2176117e-001  1.2238507e+000
  1.3035717e+000  1.5298243e-001  2.0575278e+000  2.4571882e+000  3.8698635e+000  8.8969115e-001  1.9616060e+000
  1.7673949e+000  1.6803623e-001  1.8328294e+000  2.3426295e+000  3.4011820e+000  6.4351231e-001  2.0638061e+000
  2.4192606e+000  3.9814591e-001  2.0048125e+000  3.3137133e+000  3.0209170e+000  4.9353719e-001  2.8233440e+000
  1.9190633e+000  1.6064714e+000  4.6554776e+000  2.2847044e+000  1.4283593e+000  2.3838778e+000  5.1241448e+000
  1.7249786e+000  2.0669635e+000  1.7753581e+000  1.9547040e+000  3.6944255e+000  3.2699876e+000  3.6322615e+000
  9.6777888e-001  2.8402071e+000  1.6938670e+000  8.8922662e-001  3.0213904e+000  1.4794771e+000  3.9149255e+000
  1.1352994e-001  1.5282591e-002  6.5994812e-002  7.1007365e-002  2.3110048e+000  9.4390351e-002  1.6401725e+000
  7.8620663e-002  2.0184735e-002  9.0906162e-002  9.3420602e-002  2.2053489e+000  2.5382828e-001  2.0469292e+000
  1.9961288e-001  1.4914133e-002  1.1225686e-001  6.3782531e-002  1.3755696e+000  3.1062328e-001  1.8782532e+000
  2.6326447e-001  3.4043376e-002  7.1533186e-001  5.6713520e-002  2.5937790e+000  3.0797406e+000  2.0465093e+000
  1.2594665e+000  3.2961903e-002  9.5669634e-001  4.1754751e-001  3.5260545e+000  5.5864462e-001  6.5361042e-001
  1.0722714e+000  3.4097002e-002  1.2601286e+000  6.1759869e-001  2.9561061e+000  5.0158676e-001  1.0170544e+000
  1.7282945e+000  7.0457972e-002  2.3073071e+000  9.4316555e-001  3.6868324e+000  7.4054577e-001  1.4906107e+000
  1.3552269e+000  9.2610978e-002  1.7835476e+000  1.7814750e+000  3.2958299e+000  6.0528915e-001  1.4174775e+000
  3.4021320e+000  4.3811525e-001  1.6182536e+000  2.6480997e+000  3.9670533e+000  6.3473968e-001  2.1495830e+000
  4.1759828e+000  1.7729133e+000  2.3914558e+000  2.5685241e+000  4.4452127e+000  1.0417191e+000  3.0640049e+000
  1.8473486e+000  2.5637831e+000  1.4606039e+000  1.6108906e+000  3.7533434e+000  1.7616878e+000  3.0470730e+000
  1.2486312e+000  2.9324999e+000  1.7360323e+000  1.4168068e+000  4.2535249e+000  1.5857614e+000  3.3742192e+000
