# Created by Octave 3.2.4, Mon Feb 25 06:36:43 2013 EST <neil@stefano>
# name: K
# type: matrix
# rows: 25
# columns: 25
 1 0.9658736772410498 0.87032472583339 0.7316156289466418 0.5737534207374326 0.419766969773104 0.2865047968601901 0.182429973053836 0.1083680232218959 0.06005466789530794 0.03104795847932964 0.01497476408708202 0.006737946999085467 0.00282836759429789 0.001107604664237377 0.0004046451693262645 0.0001379128093365619 4.385059710617681e-05 1.300729765406762e-05 3.599476203117651e-06 9.292491998047369e-07 2.238029186101805e-07 5.028517396097751e-08 1.054034506709476e-08 2.061153622438558e-09
 0.9658736772410498 1 0.9658736772410488 0.8703247258333909 0.7316156289466418 0.5737534207374326 0.4197669697731042 0.2865047968601902 0.182429973053836 0.1083680232218959 0.06005466789530799 0.03104795847932968 0.01497476408708202 0.006737946999085473 0.002828367594297892 0.001107604664237375 0.0004046451693262652 0.0001379128093365624 4.385059710617665e-05 1.300729765406764e-05 3.599476203117664e-06 9.292491998047335e-07 2.238029186101809e-07 5.028517396097769e-08 1.054034506709476e-08
 0.87032472583339 0.9658736772410488 1 0.9658736772410488 0.8703247258333909 0.7316156289466418 0.5737534207374326 0.4197669697731042 0.2865047968601901 0.1824299730538358 0.1083680232218959 0.06005466789530794 0.03104795847932963 0.01497476408708202 0.006737946999085473 0.002828367594297887 0.001107604664237374 0.0004046451693262648 0.0001379128093365619 4.385059710617658e-05 1.300729765406762e-05 3.599476203117645e-06 9.292491998047335e-07 2.238029186101809e-07 5.028517396097733e-08
 0.7316156289466418 0.8703247258333909 0.9658736772410488 1 0.9658736772410488 0.87032472583339 0.7316156289466418 0.573753420737433 0.419766969773104 0.2865047968601901 0.182429973053836 0.1083680232218959 0.06005466789530794 0.03104795847932967 0.01497476408708203 0.006737946999085467 0.00282836759429789 0.001107604664237377 0.0004046451693262645 0.0001379128093365619 4.385059710617681e-05 1.300729765406762e-05 3.599476203117651e-06 9.292491998047369e-07 2.238029186101805e-07
 0.5737534207374326 0.7316156289466418 0.8703247258333909 0.9658736772410488 1 0.9658736772410498 0.8703247258333905 0.7316156289466418 0.5737534207374326 0.419766969773104 0.2865047968601901 0.1824299730538358 0.1083680232218958 0.06005466789530794 0.03104795847932967 0.01497476408708201 0.006737946999085467 0.002828367594297887 0.001107604664237374 0.0004046451693262645 0.0001379128093365619 4.385059710617658e-05 1.300729765406762e-05 3.599476203117664e-06 9.292491998047319e-07
 0.419766969773104 0.5737534207374326 0.7316156289466418 0.87032472583339 0.9658736772410498 1 0.9658736772410492 0.8703247258333903 0.7316156289466418 0.5737534207374326 0.4197669697731041 0.28650479686019 0.1824299730538358 0.1083680232218959 0.06005466789530797 0.03104795847932963 0.01497476408708202 0.006737946999085473 0.002828367594297887 0.001107604664237374 0.0004046451693262648 0.0001379128093365619 4.385059710617665e-05 1.300729765406762e-05 3.599476203117645e-06
 0.2865047968601901 0.4197669697731042 0.5737534207374326 0.7316156289466418 0.8703247258333905 0.9658736772410492 1 0.9658736772410498 0.8703247258333905 0.7316156289466418 0.573753420737433 0.4197669697731041 0.2865047968601901 0.182429973053836 0.108368023221896 0.06005466789530794 0.03104795847932967 0.01497476408708203 0.006737946999085467 0.00282836759429789 0.001107604664237377 0.0004046451693262645 0.0001379128093365619 4.385059710617681e-05 1.300729765406762e-05
 0.182429973053836 0.2865047968601902 0.4197669697731042 0.573753420737433 0.7316156289466418 0.8703247258333903 0.9658736772410498 1 0.9658736772410496 0.8703247258333905 0.7316156289466419 0.5737534207374327 0.419766969773104 0.2865047968601901 0.182429973053836 0.1083680232218958 0.06005466789530794 0.03104795847932967 0.01497476408708201 0.006737946999085467 0.00282836759429789 0.001107604664237374 0.0004046451693262645 0.0001379128093365619 4.385059710617658e-05
 0.1083680232218959 0.182429973053836 0.2865047968601901 0.419766969773104 0.5737534207374326 0.7316156289466418 0.8703247258333905 0.9658736772410496 1 0.9658736772410497 0.8703247258333905 0.7316156289466418 0.5737534207374327 0.4197669697731042 0.2865047968601902 0.1824299730538359 0.1083680232218959 0.06005466789530799 0.03104795847932963 0.01497476408708202 0.006737946999085473 0.002828367594297887 0.001107604664237374 0.0004046451693262652 0.0001379128093365619
 0.06005466789530794 0.1083680232218959 0.1824299730538358 0.2865047968601901 0.419766969773104 0.5737534207374326 0.7316156289466418 0.8703247258333905 0.9658736772410497 1 0.9658736772410498 0.8703247258333906 0.7316156289466418 0.573753420737433 0.4197669697731043 0.2865047968601901 0.182429973053836 0.108368023221896 0.06005466789530794 0.03104795847932967 0.01497476408708203 0.006737946999085467 0.00282836759429789 0.001107604664237377 0.0004046451693262645
 0.03104795847932964 0.06005466789530799 0.1083680232218959 0.182429973053836 0.2865047968601901 0.4197669697731041 0.573753420737433 0.7316156289466419 0.8703247258333905 0.9658736772410498 1 0.9658736772410497 0.8703247258333905 0.7316156289466418 0.573753420737433 0.419766969773104 0.2865047968601901 0.182429973053836 0.1083680232218958 0.06005466789530794 0.03104795847932967 0.01497476408708201 0.006737946999085467 0.00282836759429789 0.001107604664237372
 0.01497476408708202 0.03104795847932968 0.06005466789530794 0.1083680232218959 0.1824299730538358 0.28650479686019 0.4197669697731041 0.5737534207374327 0.7316156289466418 0.8703247258333906 0.9658736772410497 1 0.9658736772410497 0.8703247258333906 0.731615628946642 0.5737534207374327 0.4197669697731042 0.2865047968601902 0.1824299730538358 0.1083680232218959 0.06005466789530797 0.03104795847932964 0.01497476408708202 0.006737946999085479 0.002828367594297887
 0.006737946999085467 0.01497476408708202 0.03104795847932963 0.06005466789530794 0.1083680232218958 0.1824299730538358 0.2865047968601901 0.419766969773104 0.5737534207374327 0.7316156289466418 0.8703247258333905 0.9658736772410497 1 0.9658736772410498 0.8703247258333907 0.7316156289466418 0.573753420737433 0.4197669697731043 0.2865047968601901 0.182429973053836 0.108368023221896 0.06005466789530794 0.03104795847932967 0.01497476408708203 0.006737946999085467
 0.00282836759429789 0.006737946999085473 0.01497476408708202 0.03104795847932967 0.06005466789530794 0.1083680232218959 0.182429973053836 0.2865047968601901 0.4197669697731042 0.573753420737433 0.7316156289466418 0.8703247258333906 0.9658736772410498 1 0.9658736772410498 0.8703247258333905 0.7316156289466418 0.573753420737433 0.419766969773104 0.2865047968601901 0.182429973053836 0.1083680232218958 0.06005466789530794 0.03104795847932968 0.01497476408708201
 0.001107604664237377 0.002828367594297892 0.006737946999085473 0.01497476408708203 0.03104795847932967 0.06005466789530797 0.108368023221896 0.182429973053836 0.2865047968601902 0.4197669697731043 0.573753420737433 0.731615628946642 0.8703247258333907 0.9658736772410498 1 0.9658736772410496 0.8703247258333905 0.7316156289466418 0.5737534207374325 0.419766969773104 0.2865047968601901 0.1824299730538358 0.1083680232218959 0.06005466789530797 0.03104795847932961
 0.0004046451693262645 0.001107604664237375 0.002828367594297887 0.006737946999085467 0.01497476408708201 0.03104795847932963 0.06005466789530794 0.1083680232218958 0.1824299730538359 0.2865047968601901 0.419766969773104 0.5737534207374327 0.7316156289466418 0.8703247258333905 0.9658736772410496 1 0.9658736772410498 0.8703247258333907 0.7316156289466418 0.573753420737433 0.4197669697731045 0.2865047968601901 0.182429973053836 0.108368023221896 0.06005466789530794
 0.0001379128093365619 0.0004046451693262652 0.001107604664237374 0.00282836759429789 0.006737946999085467 0.01497476408708202 0.03104795847932967 0.06005466789530794 0.1083680232218959 0.182429973053836 0.2865047968601901 0.4197669697731042 0.573753420737433 0.7316156289466418 0.8703247258333905 0.9658736772410498 1 0.9658736772410498 0.8703247258333905 0.7316156289466418 0.5737534207374327 0.419766969773104 0.2865047968601901 0.182429973053836 0.1083680232218958
 4.385059710617681e-05 0.0001379128093365624 0.0004046451693262648 0.001107604664237377 0.002828367594297887 0.006737946999085473 0.01497476408708203 0.03104795847932967 0.06005466789530799 0.108368023221896 0.182429973053836 0.2865047968601902 0.4197669697731043 0.573753420737433 0.7316156289466418 0.8703247258333907 0.9658736772410498 1 0.9658736772410496 0.8703247258333907 0.7316156289466418 0.5737534207374326 0.4197669697731037 0.2865047968601902 0.1824299730538358
 1.300729765406762e-05 4.385059710617665e-05 0.0001379128093365619 0.0004046451693262645 0.001107604664237374 0.002828367594297887 0.006737946999085467 0.01497476408708201 0.03104795847932963 0.06005466789530794 0.1083680232218958 0.1824299730538358 0.2865047968601901 0.419766969773104 0.5737534207374325 0.7316156289466418 0.8703247258333905 0.9658736772410496 1 0.9658736772410498 0.8703247258333909 0.7316156289466418 0.573753420737433 0.4197669697731045 0.2865047968601901
 3.599476203117651e-06 1.300729765406764e-05 4.385059710617658e-05 0.0001379128093365619 0.0004046451693262645 0.001107604664237374 0.00282836759429789 0.006737946999085467 0.01497476408708202 0.03104795847932967 0.06005466789530794 0.1083680232218959 0.182429973053836 0.2865047968601901 0.419766969773104 0.573753420737433 0.7316156289466418 0.8703247258333907 0.9658736772410498 1 0.9658736772410498 0.8703247258333905 0.7316156289466422 0.5737534207374333 0.419766969773104
 9.292491998047369e-07 3.599476203117664e-06 1.300729765406762e-05 4.385059710617681e-05 0.0001379128093365619 0.0004046451693262648 0.001107604664237377 0.00282836759429789 0.006737946999085473 0.01497476408708203 0.03104795847932967 0.06005466789530797 0.108368023221896 0.182429973053836 0.2865047968601901 0.4197669697731045 0.5737534207374327 0.7316156289466418 0.8703247258333909 0.9658736772410498 1 0.9658736772410498 0.87032472583339 0.7316156289466418 0.5737534207374326
 2.238029186101805e-07 9.292491998047335e-07 3.599476203117645e-06 1.300729765406762e-05 4.385059710617658e-05 0.0001379128093365619 0.0004046451693262645 0.001107604664237374 0.002828367594297887 0.006737946999085467 0.01497476408708201 0.03104795847932964 0.06005466789530794 0.1083680232218958 0.1824299730538358 0.2865047968601901 0.419766969773104 0.5737534207374326 0.7316156289466418 0.8703247258333905 0.9658736772410498 1 0.9658736772410509 0.8703247258333909 0.7316156289466418
 5.028517396097751e-08 2.238029186101809e-07 9.292491998047335e-07 3.599476203117651e-06 1.300729765406762e-05 4.385059710617665e-05 0.0001379128093365619 0.0004046451693262645 0.001107604664237374 0.00282836759429789 0.006737946999085467 0.01497476408708202 0.03104795847932967 0.06005466789530794 0.1083680232218959 0.182429973053836 0.2865047968601901 0.4197669697731037 0.573753420737433 0.7316156289466422 0.87032472583339 0.9658736772410509 1 0.9658736772410498 0.8703247258333909
 1.054034506709476e-08 5.028517396097769e-08 2.238029186101809e-07 9.292491998047369e-07 3.599476203117664e-06 1.300729765406762e-05 4.385059710617681e-05 0.0001379128093365619 0.0004046451693262652 0.001107604664237377 0.00282836759429789 0.006737946999085479 0.01497476408708203 0.03104795847932968 0.06005466789530797 0.108368023221896 0.182429973053836 0.2865047968601902 0.4197669697731045 0.5737534207374333 0.7316156289466418 0.8703247258333909 0.9658736772410498 1 0.9658736772410498
 2.061153622438558e-09 1.054034506709476e-08 5.028517396097733e-08 2.238029186101805e-07 9.292491998047319e-07 3.599476203117645e-06 1.300729765406762e-05 4.385059710617658e-05 0.0001379128093365619 0.0004046451693262645 0.001107604664237372 0.002828367594297887 0.006737946999085467 0.01497476408708201 0.03104795847932961 0.06005466789530794 0.1083680232218958 0.1824299730538358 0.2865047968601901 0.419766969773104 0.5737534207374326 0.7316156289466418 0.8703247258333909 0.9658736772410498 1
# name: x
# type: matrix
# rows: 25
# columns: 1
 -1
 -0.9166666666666666
 -0.8333333333333334
 -0.75
 -0.6666666666666667
 -0.5833333333333334
 -0.5
 -0.4166666666666667
 -0.3333333333333334
 -0.25
 -0.1666666666666667
 -0.08333333333333337
 0
 0.08333333333333326
 0.1666666666666665
 0.25
 0.3333333333333333
 0.4166666666666665
 0.5
 0.5833333333333333
 0.6666666666666665
 0.75
 0.8333333333333333
 0.9166666666666665
 1
# name: f
# type: matrix
# rows: 25
# columns: 1
 -0.3125431956396796
 -0.1664214122868776
 0.07270544558263471
 0.3474327151928003
 0.5985740643838378
 0.7660981875659871
 0.7994415747571681
 0.6763367826928695
 0.4157771841294229
 0.07171203528370797
 -0.2896572160612749
 -0.6122675333023396
 -0.8590122375856083
 -1.008524055882213
 -1.050591799427975
 -0.9869066547037783
 -0.8339065009351854
 -0.6201984653201569
 -0.3770667134932797
 -0.1301083140305132
 0.0992340586906325
 0.2851377633255531
 0.3963085722412651
 0.4118916934734296
 0.3437018773577314
