  5.4899043e-003  1.2818085e-004  2.4408750e-003  6.2978464e-003  2.2906174e-001  2.4257030e-003  4.5992986e-002
  6.2944459e-003  2.3488624e-004  3.3706485e-003  5.1965352e-003  2.0536283e-001  6.8738157e-003  5.1083432e-002
  2.8632124e-002  6.1146865e-004  1.0817485e-002  4.8751025e-003  2.9990510e-001  1.4472824e-001  1.3106435e-001
  3.5870467e-002  5.4890751e-003  1.1909874e-001  8.0837274e-003  5.3764263e-001  1.3073406e+000  1.0047513e-001
  2.0319019e-001  1.4968240e-003  3.2306749e-002  5.0865080e-002  9.1698687e-001  2.3463608e-001  3.4769375e-002
  1.3003549e-001  1.5070522e-003  1.3810222e-001  5.1676341e-002  4.3364130e-001  1.4765969e-001  4.6626447e-002
  9.0290380e-002  3.8849433e-003  1.2919210e-001  6.1004106e-002  3.1397316e-001  1.4372433e-001  4.6045327e-002
  1.6442596e-001  1.1361506e-002  3.6660790e-001  1.3844658e-001  7.0605751e-001  2.9345883e-001  9.5363136e-002
  1.8168771e-001  1.5954121e-002  1.7037775e-001  1.1368274e-001  4.5462323e-001  1.2658224e-001  7.6376604e-002
  2.1712250e-001  7.0829779e-002  1.3909407e-001  9.4510010e-002  3.6330191e-001  2.1486850e-001  9.7078385e-002
  6.2526592e-002  6.9110429e-002  7.3630750e-002  5.8107638e-002  2.6494666e-001  2.2322043e-001  7.4150166e-002
  8.8024597e-002  1.6908131e-001  1.2620737e-001  5.0851062e-002  4.0166866e-001  2.9514521e-001  1.3579185e-001
  3.6455175e-002  5.9181778e-003  2.1081192e-002  4.7624007e-003  1.1646303e+000  5.6647201e-002  2.1882522e-001
  1.1483393e-002  8.2303732e-005  1.3763868e-003  3.9306317e-003  8.9731168e-002  1.9779987e-002  2.4453074e-002
  1.9720749e-002  3.4348055e-004  1.3876720e-002  2.5255985e-003  2.3842847e-001  5.2945937e-002  6.9855784e-002
  6.7233452e-002  3.4526570e-003  8.8852683e-002  2.6144350e-003  5.9699380e-001  1.0759525e+000  2.1238492e-001
  2.5088557e-001  2.2218778e-003  3.1693784e-001  3.1517974e-002  1.4575223e+000  6.4383913e-001  8.1584163e-002
  1.6827592e-001  2.3813802e-003  2.7044455e-001  6.6936112e-002  9.1712160e-001  1.1598284e-001  6.8992119e-002
  1.1272846e-001  1.0026868e-002  1.9508166e-001  1.2421832e-001  5.4192092e-001  1.8639307e-001  7.1535119e-002
  2.3726118e-001  1.5211414e-002  2.9924835e-001  1.9320394e-001  7.9796649e-001  2.0357152e-001  1.1514281e-001
  1.9199689e-001  2.3274835e-002  1.8802522e-001  1.6419743e-001  4.1451633e-001  1.0289842e-001  1.0134629e-001
  4.1707136e-001  2.1858147e-001  1.0819406e+000  2.8485106e-001  6.6157814e-001  1.1938598e+000  4.7635167e-001
  1.2909306e-001  9.6843125e-002  1.4795504e-001  8.4782740e-002  4.1859512e-001  4.6949159e-001  1.2459955e-001
  5.1228710e-002  1.0276263e-001  9.7379213e-002  2.9173892e-002  2.4855519e-001  1.6368414e-001  1.0636605e-001
  8.3667474e-003  2.8205550e-004  4.0692656e-003  3.3224078e-003  3.4497915e-001  8.9735310e-003  6.0486171e-002
  5.5734032e-003  4.9444280e-004  7.6912064e-003  5.8322851e-003  4.6513262e-001  4.9723031e-002  9.9899580e-002
  1.3800792e-002  2.4949051e-004  8.0545534e-003  2.4210748e-003  1.5539770e-001  4.7303222e-002  5.2142663e-002
  3.2542558e-002  1.2351006e-003  1.0413178e-001  2.8253294e-003  5.3635998e-001  7.9313746e-001  1.0115055e-001
  1.2060804e-001  1.0994658e-003  1.1232458e-001  2.6175667e-002  5.5923040e-001  1.3088297e-001  2.6471798e-002
  1.0355106e-001  1.1726090e-003  1.4960950e-001  3.8354384e-002  4.8967370e-001  1.1608699e-001  4.0875841e-002
  2.0524729e-001  4.1361356e-003  3.2079242e-001  7.2967077e-002  7.5287308e-001  2.2734427e-001  7.6017292e-002
  9.6492253e-002  4.5648641e-003  1.4576096e-001  7.5643338e-002  3.8198602e-001  1.0981069e-001  4.4276039e-002
  3.3970177e-001  2.9178634e-002  1.8745678e-001  1.5819607e-001  6.2104254e-001  1.5215453e-001  9.5088088e-002
  4.9685490e-001  1.3614258e-001  3.2573161e-001  1.8786007e-001  8.4668036e-001  3.2419950e-001  1.6639912e-001
  8.6669810e-002  8.6130406e-002  7.8636395e-002  4.6362266e-002  2.6901923e-001  1.9196144e-001  7.3744758e-002
  6.8421020e-002  1.1641332e-001  1.0782066e-001  4.9031265e-002  3.5454956e-001  2.0165810e-001  9.6055940e-002
