  6.8799884e+000  1.1893086e+000  4.3610694e+000  7.3473510e+000  8.4269696e+000  1.7623598e+000  1.1171784e+001
  7.2817056e+000  2.8383874e+000  5.0077704e+000  7.2835228e+000  8.4383849e+000  3.9109842e+000  1.1372749e+001
  7.9254298e+000  2.4412112e+000  5.2198777e+000  5.7351116e+000  7.6101967e+000  6.7042885e+000  1.1405655e+001
  7.8645133e+000  5.8412598e+000  8.1655873e+000  6.0571665e+000  8.0216264e+000  9.2926870e+000  1.0962472e+001
  1.0051346e+001  3.5749962e+000  6.2177970e+000  8.5726934e+000  8.7306354e+000  7.0013190e+000  9.7290843e+000
  1.0557905e+001  5.2326295e+000  9.5015422e+000  9.6743041e+000  8.9485447e+000  7.5950043e+000  1.0997003e+001
  1.0544396e+001  7.0612416e+000  9.8041299e+000  1.0225237e+001  8.9955378e+000  8.0786520e+000  1.1288566e+001
  1.0345447e+001  7.3487917e+000  1.0112743e+001  1.0238203e+001  8.9763460e+000  7.8258808e+000  1.1290531e+001
  1.0999710e+001  8.4196017e+000  9.7352054e+000  1.0557251e+001  9.0533569e+000  7.2960682e+000  1.1501041e+001
  1.1558733e+001  1.0689397e+001  1.0024477e+001  1.0760722e+001  9.3200580e+000  8.7122559e+000  1.2063919e+001
  1.0618197e+001  1.0974556e+001  9.7028795e+000  1.0629852e+001  9.3512226e+000  9.1848066e+000  1.2097036e+001
  1.0306860e+001  1.1188471e+001  9.5880154e+000  9.7896313e+000  9.0512168e+000  8.6366133e+000  1.2092771e+001
  6.4479097e+000  4.0918059e+000  3.9639130e+000  2.8170093e+000  7.7439176e+000  3.0465477e+000  1.0790198e+001
  8.8428196e+000  1.9487458e+000  4.5648714e+000  7.7022332e+000  8.1097788e+000  6.2231650e+000  1.1203777e+001
  7.9674363e+000  2.1385384e+000  6.2054184e+000  5.3518473e+000  7.8121350e+000  5.9980203e+000  1.1189073e+001
  8.5563571e+000  4.9192075e+000  7.5871105e+000  3.7886160e+000  7.9798946e+000  8.8331088e+000  1.1571206e+001
  9.9132083e+000  3.6986485e+000  9.0127605e+000  7.4789625e+000  8.9175517e+000  7.9191974e+000  1.0376694e+001
  1.0143145e+001  4.8159298e+000  9.4641984e+000  9.1987151e+000  9.0655148e+000  6.3810128e+000  1.0779046e+001
  1.0380202e+001  7.7284313e+000  9.8825348e+000  1.0581933e+001  9.1648549e+000  7.8782302e+000  1.1398503e+001
  1.0549257e+001  7.5174667e+000  9.6067642e+000  1.0395588e+001  8.8835937e+000  7.1246622e+000  1.1315132e+001
  1.1041941e+001  8.9891948e+000  9.8750062e+000  1.0903887e+001  8.9294578e+000  7.1077118e+000  1.1785736e+001
  1.0456163e+001  1.0138967e+001  1.0421248e+001  1.0209635e+001  7.6411058e+000  8.6114000e+000  1.2083988e+001
  1.0842080e+001  1.0876422e+001  9.8993505e+000  1.0516954e+001  9.2873610e+000  9.4998178e+000  1.2185973e+001
  1.0361052e+001  1.1306408e+001  9.9669329e+000  9.8239892e+000  9.1938900e+000  8.7891591e+000  1.2367846e+001
  7.1539123e+000  2.2362112e+000  4.7293229e+000  6.1604573e+000  8.6114140e+000  3.7029221e+000  1.1199617e+001
  5.8619893e+000  2.3438843e+000  4.9575366e+000  6.3037966e+000  8.4364450e+000  5.5443236e+000  1.1315448e+001
  8.3253808e+000  3.0324572e+000  6.3052707e+000  6.3036388e+000  8.1680162e+000  6.5993306e+000  1.1429142e+001
  8.1445584e+000  3.9385283e+000  8.4740232e+000  4.9823574e+000  8.5057812e+000  9.0186167e+000  1.1210014e+001
  1.0258848e+001  4.3751252e+000  8.9790136e+000  8.6311802e+000  8.9857621e+000  7.1362433e+000  1.0188468e+001
  1.0110440e+001  4.4470364e+000  9.2997731e+000  9.0853117e+000  8.8244910e+000  6.9932653e+000  1.0670115e+001
  1.0533070e+001  5.8601261e+000  9.8593438e+000  9.4520824e+000  8.9750636e+000  7.3758962e+000  1.0985409e+001
  1.0495270e+001  7.1281963e+000  9.8058636e+000  1.0324086e+001  9.0710686e+000  7.4978221e+000  1.1137221e+001
  1.1475496e+001  9.1707093e+000  9.7326808e+000  1.0764429e+001  9.2963776e+000  7.5030072e+000  1.1597685e+001
  1.1598353e+001  1.0569598e+001  1.0051363e+001  1.0647007e+001  9.3250317e+000  8.0019542e+000  1.1871449e+001
  1.1007126e+001  1.1182175e+001  9.7950869e+000  1.0410158e+001  9.3950071e+000  8.9517736e+000  1.2094947e+001
  1.0555706e+001  1.1269800e+001  9.9221774e+000  1.0230689e+001  9.4733126e+000  8.7864441e+000  1.2150142e+001
