  1.2836327e+000  8.6212440e+000  2.9254465e+000  4.7378326e-001  6.7478766e-002  6.1656842e+000  1.9309326e-002
  9.6663956e-001  5.3905098e+000  2.2258079e+000  4.8746040e-001  6.5693446e-002  2.9521963e+000  1.5963803e-002
  8.7345900e-001  7.0594953e+000  2.4995262e+000  2.0126269e+000  2.7765797e-001  9.1662940e-001  2.5102098e-002
  9.3664888e-001  2.1107114e+000  3.9209411e-001  1.7304273e+000  1.8942765e-001  7.9208526e-002  3.7240677e-002
  1.4907788e-001  5.2658560e+000  1.7405753e+000  2.5929273e-001  9.4729477e-002  8.1020583e-001  1.5298545e-001
  5.8050943e-002  2.4829742e+000  7.2486103e-002  5.3488626e-002  4.6708767e-002  3.5821892e-001  2.8066839e-002
  4.8554325e-002  8.1570338e-001  4.4147979e-002  2.5014975e-002  3.6127023e-002  1.8095371e-001  1.8146562e-002
  8.8585599e-002  8.8376422e-001  4.7012807e-002  3.8131701e-002  5.7763183e-002  3.6238359e-001  2.5926672e-002
  3.3203108e-002  2.9166836e-001  5.5133498e-002  2.0082915e-002  3.8735106e-002  4.8163448e-001  1.6422793e-002
  2.0695273e-002  2.7643117e-002  4.0346886e-002  1.7572541e-002  2.8898031e-002  1.0694352e-001  1.0737605e-002
  4.2008950e-002  1.6864279e-002  4.4344960e-002  1.5403631e-002  2.1824696e-002  4.9766224e-002  8.4247043e-003
  7.5722875e-002  1.9005943e-002  6.6385474e-002  4.9685157e-002  4.1925078e-002  1.2983999e-001  1.0990731e-002
  2.7894062e+000  5.3510603e+000  5.1438446e+000  8.0127530e+000  4.6186362e-001  6.0780909e+000  8.7780151e-002
  2.2099402e-001  6.7086916e+000  2.5221945e+000  2.7986673e-001  8.0962376e-002  8.0644884e-001  1.5875527e-002
  7.7127951e-001  7.3999137e+000  1.4431809e+000  2.2945145e+000  2.0082478e-001  1.2812803e+000  2.6363323e-002
  5.6429484e-001  3.1915938e+000  6.7208811e-001  4.8305267e+000  2.0881728e-001  1.4328002e-001  2.1924433e-002
  1.8631863e-001  5.1614689e+000  2.0219802e-001  7.6073350e-001  8.3057493e-002  4.0267508e-001  8.2992263e-002
  1.2150105e-001  3.3382277e+000  1.1038826e-001  1.2576334e-001  5.7794525e-002  1.1656182e+000  4.7127650e-002
  6.8590998e-002  5.6727146e-001  4.7146478e-002  2.0781834e-002  3.6842699e-002  2.6839522e-001  1.8759911e-002
  7.8940909e-002  8.2044922e-001  9.3230077e-002  3.5826077e-002  7.1468861e-002  6.9790328e-001  2.7393896e-002
  3.3337856e-002  1.5878682e-001  4.7879272e-002  1.5062648e-002  4.6467677e-002  5.5386498e-001  1.2792682e-002
  1.2013962e-001  8.8438795e-002  5.1174694e-002  5.6097998e-002  4.0148203e-001  2.3584225e-001  1.8303065e-002
  4.4327343e-002  2.2919979e-002  4.8048008e-002  2.2432267e-002  3.1138160e-002  4.4873074e-002  9.4874621e-003
  5.6211656e-002  1.2818046e-002  3.4511279e-002  3.7577946e-002  2.7595672e-002  7.7666012e-002  6.9632902e-003
  1.1845211e+000  6.8955657e+000  2.7098112e+000  1.3173628e+000  6.6763788e-002  3.4463719e+000  2.2732581e-002
  2.5772216e+000  7.0878614e+000  2.6887534e+000  1.3627103e+000  1.0059720e-001  1.6957187e+000  2.4122549e-002
  4.2809488e-001  5.0573637e+000  1.1091838e+000  1.0530777e+000  8.5706911e-002  6.9237712e-001  1.4886960e-002
  6.5531838e-001  4.2070759e+000  2.2758131e-001  2.6655402e+000  8.3094441e-002  8.7260271e-002  2.4438350e-002
  7.9023425e-002  3.5216547e+000  1.3086091e-001  1.6328780e-001  4.6005103e-002  5.4952062e-001  6.3923060e-002
  9.4321928e-002  3.4945428e+000  9.8880581e-002  1.0606703e-001  5.7650746e-002  6.3231991e-001  4.0295979e-002
  7.1141211e-002  2.0727405e+000  6.2105065e-002  8.5612853e-002  5.6968094e-002  5.4204653e-001  3.4793972e-002
  5.3932513e-002  8.0254058e-001  4.6874983e-002  2.4115574e-002  3.5785540e-002  3.5647414e-001  2.2274679e-002
  2.9775168e-002  1.6500179e-001  7.4218797e-002  2.2810695e-002  4.0249205e-002  4.7859331e-001  2.0786437e-002
  2.8892423e-002  4.4253095e-002  5.8600427e-002  2.8878301e-002  4.3779186e-002  3.5523637e-001  1.7878134e-002
  2.5714055e-002  1.3187367e-002  3.7536286e-002  1.8022898e-002  1.9275598e-002  6.3800396e-002  7.9732552e-003
  4.4851296e-002  1.3626463e-002  3.6411886e-002  2.4721102e-002  1.9785655e-002  8.3529653e-002  8.4713444e-003
